
606 804

1    22    8    0
2    22.0099009901    8.01695656191    0
3    22.0198019802    8.02348933691    0
4    22.0297029703    8.02827438148    0
5    22.0396039604    8.03213668589    0
6    22.0495049505    8.03539637621    0
7    22.0594059406    8.03821807853    0
8    22.0693069307    8.04069995183    0
9    22.0792079208    8.04290625731    0
10    22.0891089109    8.04488189238    0
11    22.099009901    8.04665977401    0
12    22.1089108911    8.04826495199    0
13    22.1188118812    8.04971706533    0
14    22.1287128713    8.05103189106    0
15    22.1386138614    8.05222236448    0
16    22.1485148515    8.05329927589    0
17    22.1584158416    8.05427176104    0
18    22.1683168317    8.05514765531    0
19    22.1782178218    8.05593375524    0
20    22.1881188119    8.05663601548    0
21    22.198019802    8.05725969951    0
22    22.2079207921    8.05780949688    0
23    22.2178217822    8.05828961555    0
24    22.2277227723    8.05870385551    0
25    22.2376237624    8.05905566819    0
26    22.2475247525    8.05934820472    0
27    22.2574257426    8.05958435572    0
28    22.2673267327    8.05976678415    0
29    22.2772277228    8.05989795277    0
30    22.2871287129    8.05998014723    0
31    22.297029703    8.0600154956    0
32    22.3069306931    8.06000598499    0
33    22.3168316832    8.05995347573    0
34    22.3267326733    8.0598597137    0
35    22.3366336634    8.05972634079    0
36    22.3465346535    8.05955490422    0
37    22.3564356436    8.05934686443    0
38    22.3663366337    8.05910360221    0
39    22.3762376238    8.05882642478    0
40    22.3861386139    8.05851657131    0
41    22.396039604    8.05817521768    0
42    22.4059405941    8.0578034808    0
43    22.4158415842    8.05740242241    0
44    22.4257425743    8.0569730525    0
45    22.4356435644    8.05651633234    0
46    22.4455445545    8.05603317724    0
47    22.4554455446    8.05552445902    0
48    22.4653465347    8.05499100822    0
49    22.4752475248    8.05443361614    0
50    22.4851485149    8.05385303666    0
51    22.495049505    8.0532499879    0
52    22.504950495    8.05262515374    0
53    22.5148514851    8.05197918518    0
54    22.5247524752    8.05131270163    0
55    22.5346534653    8.05062629204    0
56    22.5445544554    8.04992051597    0
57    22.5544554455    8.04919590456    0
58    22.5643564356    8.04845296141    0
59    22.5742574257    8.04769216346    0
60    22.5841584158    8.04691396166    0
61    22.5940594059    8.04611878175    0
62    22.603960396    8.04530702488    0
63    22.6138613861    8.04447906821    0
64    22.6237623762    8.04363526547    0
65    22.6336633663    8.04277594751    0
66    22.6435643564    8.04190142271    0
67    22.6534653465    8.04101197751    0
68    22.6633663366    8.04010787679    0
69    22.6732673267    8.03918936425    0
70    22.6831683168    8.03825666281    0
71    22.6930693069    8.0373099749    0
72    22.702970297    8.03634948286    0
73    22.7128712871    8.03537534914    0
74    22.7227722772    8.03438771667    0
75    22.7326732673    8.03338670905    0
76    22.7425742574    8.03237243088    0
77    22.7524752475    8.03134496789    0
78    22.7623762376    8.03030438725    0
79    22.7722772277    8.02925073773    0
80    22.7821782178    8.0281840499    0
81    22.7920792079    8.02710433632    0
82    22.801980198    8.02601159172    0
83    22.8118811881    8.02490579314    0
84    22.8217821782    8.02378690011    0
85    22.8316831683    8.02265485478    0
86    22.8415841584    8.02150958205    0
87    22.8514851485    8.02035098975    0
88    22.8613861386    8.01917896868    0
89    22.8712871287    8.01799339281    0
90    22.8811881188    8.01679411936    0
91    22.8910891089    8.01558098888    0
92    22.900990099    8.01435382539    0
93    22.9108910891    8.01311243646    0
94    22.9207920792    8.0118566133    0
95    22.9306930693    8.01058613085    0
96    22.9405940594    8.00930074785    0
97    22.9504950495    8.00800020696    0
98    22.9603960396    8.00668423477    0
99    22.9702970297    8.00535254193    0
100    22.9801980198    8.00400482318    0
101    22.9900990099    8.00264075744    0
102    22.9900990099    7.99735924256    0
103    22.9801980198    7.99599517682    0
104    22.9702970297    7.99464745807    0
105    22.9603960396    7.99331576523    0
106    22.9504950495    7.99199979304    0
107    22.9405940594    7.99069925215    0
108    22.9306930693    7.98941386915    0
109    22.9207920792    7.9881433867    0
110    22.9108910891    7.98688756354    0
111    22.900990099    7.98564617461    0
112    22.8910891089    7.98441901112    0
113    22.8811881188    7.98320588064    0
114    22.8712871287    7.98200660719    0
115    22.8613861386    7.98082103132    0
116    22.8514851485    7.97964901025    0
117    22.8415841584    7.97849041795    0
118    22.8316831683    7.97734514522    0
119    22.8217821782    7.97621309989    0
120    22.8118811881    7.97509420686    0
121    22.801980198    7.97398840828    0
122    22.7920792079    7.97289566368    0
123    22.7821782178    7.9718159501    0
124    22.7722772277    7.97074926227    0
125    22.7623762376    7.96969561275    0
126    22.7524752475    7.96865503211    0
127    22.7425742574    7.96762756912    0
128    22.7326732673    7.96661329095    0
129    22.7227722772    7.96561228333    0
130    22.7128712871    7.96462465086    0
131    22.702970297    7.96365051714    0
132    22.6930693069    7.9626900251    0
133    22.6831683168    7.96174333719    0
134    22.6732673267    7.96081063575    0
135    22.6633663366    7.95989212321    0
136    22.6534653465    7.95898802249    0
137    22.6435643564    7.95809857729    0
138    22.6336633663    7.95722405249    0
139    22.6237623762    7.95636473453    0
140    22.6138613861    7.95552093179    0
141    22.603960396    7.95469297512    0
142    22.5940594059    7.95388121825    0
143    22.5841584158    7.95308603834    0
144    22.5742574257    7.95230783654    0
145    22.5643564356    7.95154703859    0
146    22.5544554455    7.95080409544    0
147    22.5445544554    7.95007948403    0
148    22.5346534653    7.94937370796    0
149    22.5247524752    7.94868729837    0
150    22.5148514851    7.94802081482    0
151    22.504950495    7.94737484626    0
152    22.495049505    7.9467500121    0
153    22.4851485149    7.94614696334    0
154    22.4752475248    7.94556638386    0
155    22.4653465347    7.94500899178    0
156    22.4554455446    7.94447554098    0
157    22.4455445545    7.94396682276    0
158    22.4356435644    7.94348366766    0
159    22.4257425743    7.9430269475    0
160    22.4158415842    7.94259757759    0
161    22.4059405941    7.9421965192    0
162    22.396039604    7.94182478232    0
163    22.3861386139    7.94148342869    0
164    22.3762376238    7.94117357522    0
165    22.3663366337    7.94089639779    0
166    22.3564356436    7.94065313557    0
167    22.3465346535    7.94044509578    0
168    22.3366336634    7.94027365921    0
169    22.3267326733    7.9401402863    0
170    22.3168316832    7.94004652427    0
171    22.3069306931    7.93999401501    0
172    22.297029703    7.9399845044    0
173    22.2871287129    7.94001985277    0
174    22.2772277228    7.94010204723    0
175    22.2673267327    7.94023321585    0
176    22.2574257426    7.94041564428    0
177    22.2475247525    7.94065179528    0
178    22.2376237624    7.94094433181    0
179    22.2277227723    7.94129614449    0
180    22.2178217822    7.94171038445    0
181    22.2079207921    7.94219050312    0
182    22.198019802    7.94274030049    0
183    22.1881188119    7.94336398452    0
184    22.1782178218    7.94406624476    0
185    22.1683168317    7.94485234469    0
186    22.1584158416    7.94572823896    0
187    22.1485148515    7.94670072411    0
188    22.1386138614    7.94777763552    0
189    22.1287128713    7.94896810894    0
190    22.1188118812    7.95028293467    0
191    22.1089108911    7.95173504801    0
192    22.099009901    7.95334022599    0
193    22.0891089109    7.95511810762    0
194    22.0792079208    7.95709374269    0
195    22.0693069307    7.95930004817    0
196    22.0594059406    7.96178192147    0
197    22.0495049505    7.96460362379    0
198    22.0396039604    7.96786331411    0
199    22.0297029703    7.97172561852    0
200    22.0198019802    7.97651066309    0
201    22.0099009901    7.98304343809    0
202    22    8    0
1    22    8    0.0005
2    22.0099009901    8.01695656191    0.0005
3    22.0198019802    8.02348933691    0.0005
4    22.0297029703    8.02827438148    0.0005
5    22.0396039604    8.03213668589    0.0005
6    22.0495049505    8.03539637621    0.0005
7    22.0594059406    8.03821807853    0.0005
8    22.0693069307    8.04069995183    0.0005
9    22.0792079208    8.04290625731    0.0005
10    22.0891089109    8.04488189238    0.0005
11    22.099009901    8.04665977401    0.0005
12    22.1089108911    8.04826495199    0.0005
13    22.1188118812    8.04971706533    0.0005
14    22.1287128713    8.05103189106    0.0005
15    22.1386138614    8.05222236448    0.0005
16    22.1485148515    8.05329927589    0.0005
17    22.1584158416    8.05427176104    0.0005
18    22.1683168317    8.05514765531    0.0005
19    22.1782178218    8.05593375524    0.0005
20    22.1881188119    8.05663601548    0.0005
21    22.198019802    8.05725969951    0.0005
22    22.2079207921    8.05780949688    0.0005
23    22.2178217822    8.05828961555    0.0005
24    22.2277227723    8.05870385551    0.0005
25    22.2376237624    8.05905566819    0.0005
26    22.2475247525    8.05934820472    0.0005
27    22.2574257426    8.05958435572    0.0005
28    22.2673267327    8.05976678415    0.0005
29    22.2772277228    8.05989795277    0.0005
30    22.2871287129    8.05998014723    0.0005
31    22.297029703    8.0600154956    0.0005
32    22.3069306931    8.06000598499    0.0005
33    22.3168316832    8.05995347573    0.0005
34    22.3267326733    8.0598597137    0.0005
35    22.3366336634    8.05972634079    0.0005
36    22.3465346535    8.05955490422    0.0005
37    22.3564356436    8.05934686443    0.0005
38    22.3663366337    8.05910360221    0.0005
39    22.3762376238    8.05882642478    0.0005
40    22.3861386139    8.05851657131    0.0005
41    22.396039604    8.05817521768    0.0005
42    22.4059405941    8.0578034808    0.0005
43    22.4158415842    8.05740242241    0.0005
44    22.4257425743    8.0569730525    0.0005
45    22.4356435644    8.05651633234    0.0005
46    22.4455445545    8.05603317724    0.0005
47    22.4554455446    8.05552445902    0.0005
48    22.4653465347    8.05499100822    0.0005
49    22.4752475248    8.05443361614    0.0005
50    22.4851485149    8.05385303666    0.0005
51    22.495049505    8.0532499879    0.0005
52    22.504950495    8.05262515374    0.0005
53    22.5148514851    8.05197918518    0.0005
54    22.5247524752    8.05131270163    0.0005
55    22.5346534653    8.05062629204    0.0005
56    22.5445544554    8.04992051597    0.0005
57    22.5544554455    8.04919590456    0.0005
58    22.5643564356    8.04845296141    0.0005
59    22.5742574257    8.04769216346    0.0005
60    22.5841584158    8.04691396166    0.0005
61    22.5940594059    8.04611878175    0.0005
62    22.603960396    8.04530702488    0.0005
63    22.6138613861    8.04447906821    0.0005
64    22.6237623762    8.04363526547    0.0005
65    22.6336633663    8.04277594751    0.0005
66    22.6435643564    8.04190142271    0.0005
67    22.6534653465    8.04101197751    0.0005
68    22.6633663366    8.04010787679    0.0005
69    22.6732673267    8.03918936425    0.0005
70    22.6831683168    8.03825666281    0.0005
71    22.6930693069    8.0373099749    0.0005
72    22.702970297    8.03634948286    0.0005
73    22.7128712871    8.03537534914    0.0005
74    22.7227722772    8.03438771667    0.0005
75    22.7326732673    8.03338670905    0.0005
76    22.7425742574    8.03237243088    0.0005
77    22.7524752475    8.03134496789    0.0005
78    22.7623762376    8.03030438725    0.0005
79    22.7722772277    8.02925073773    0.0005
80    22.7821782178    8.0281840499    0.0005
81    22.7920792079    8.02710433632    0.0005
82    22.801980198    8.02601159172    0.0005
83    22.8118811881    8.02490579314    0.0005
84    22.8217821782    8.02378690011    0.0005
85    22.8316831683    8.02265485478    0.0005
86    22.8415841584    8.02150958205    0.0005
87    22.8514851485    8.02035098975    0.0005
88    22.8613861386    8.01917896868    0.0005
89    22.8712871287    8.01799339281    0.0005
90    22.8811881188    8.01679411936    0.0005
91    22.8910891089    8.01558098888    0.0005
92    22.900990099    8.01435382539    0.0005
93    22.9108910891    8.01311243646    0.0005
94    22.9207920792    8.0118566133    0.0005
95    22.9306930693    8.01058613085    0.0005
96    22.9405940594    8.00930074785    0.0005
97    22.9504950495    8.00800020696    0.0005
98    22.9603960396    8.00668423477    0.0005
99    22.9702970297    8.00535254193    0.0005
100    22.9801980198    8.00400482318    0.0005
101    22.9900990099    8.00264075744    0.0005
102    22.9900990099    7.99735924256    0.0005
103    22.9801980198    7.99599517682    0.0005
104    22.9702970297    7.99464745807    0.0005
105    22.9603960396    7.99331576523    0.0005
106    22.9504950495    7.99199979304    0.0005
107    22.9405940594    7.99069925215    0.0005
108    22.9306930693    7.98941386915    0.0005
109    22.9207920792    7.9881433867    0.0005
110    22.9108910891    7.98688756354    0.0005
111    22.900990099    7.98564617461    0.0005
112    22.8910891089    7.98441901112    0.0005
113    22.8811881188    7.98320588064    0.0005
114    22.8712871287    7.98200660719    0.0005
115    22.8613861386    7.98082103132    0.0005
116    22.8514851485    7.97964901025    0.0005
117    22.8415841584    7.97849041795    0.0005
118    22.8316831683    7.97734514522    0.0005
119    22.8217821782    7.97621309989    0.0005
120    22.8118811881    7.97509420686    0.0005
121    22.801980198    7.97398840828    0.0005
122    22.7920792079    7.97289566368    0.0005
123    22.7821782178    7.9718159501    0.0005
124    22.7722772277    7.97074926227    0.0005
125    22.7623762376    7.96969561275    0.0005
126    22.7524752475    7.96865503211    0.0005
127    22.7425742574    7.96762756912    0.0005
128    22.7326732673    7.96661329095    0.0005
129    22.7227722772    7.96561228333    0.0005
130    22.7128712871    7.96462465086    0.0005
131    22.702970297    7.96365051714    0.0005
132    22.6930693069    7.9626900251    0.0005
133    22.6831683168    7.96174333719    0.0005
134    22.6732673267    7.96081063575    0.0005
135    22.6633663366    7.95989212321    0.0005
136    22.6534653465    7.95898802249    0.0005
137    22.6435643564    7.95809857729    0.0005
138    22.6336633663    7.95722405249    0.0005
139    22.6237623762    7.95636473453    0.0005
140    22.6138613861    7.95552093179    0.0005
141    22.603960396    7.95469297512    0.0005
142    22.5940594059    7.95388121825    0.0005
143    22.5841584158    7.95308603834    0.0005
144    22.5742574257    7.95230783654    0.0005
145    22.5643564356    7.95154703859    0.0005
146    22.5544554455    7.95080409544    0.0005
147    22.5445544554    7.95007948403    0.0005
148    22.5346534653    7.94937370796    0.0005
149    22.5247524752    7.94868729837    0.0005
150    22.5148514851    7.94802081482    0.0005
151    22.504950495    7.94737484626    0.0005
152    22.495049505    7.9467500121    0.0005
153    22.4851485149    7.94614696334    0.0005
154    22.4752475248    7.94556638386    0.0005
155    22.4653465347    7.94500899178    0.0005
156    22.4554455446    7.94447554098    0.0005
157    22.4455445545    7.94396682276    0.0005
158    22.4356435644    7.94348366766    0.0005
159    22.4257425743    7.9430269475    0.0005
160    22.4158415842    7.94259757759    0.0005
161    22.4059405941    7.9421965192    0.0005
162    22.396039604    7.94182478232    0.0005
163    22.3861386139    7.94148342869    0.0005
164    22.3762376238    7.94117357522    0.0005
165    22.3663366337    7.94089639779    0.0005
166    22.3564356436    7.94065313557    0.0005
167    22.3465346535    7.94044509578    0.0005
168    22.3366336634    7.94027365921    0.0005
169    22.3267326733    7.9401402863    0.0005
170    22.3168316832    7.94004652427    0.0005
171    22.3069306931    7.93999401501    0.0005
172    22.297029703    7.9399845044    0.0005
173    22.2871287129    7.94001985277    0.0005
174    22.2772277228    7.94010204723    0.0005
175    22.2673267327    7.94023321585    0.0005
176    22.2574257426    7.94041564428    0.0005
177    22.2475247525    7.94065179528    0.0005
178    22.2376237624    7.94094433181    0.0005
179    22.2277227723    7.94129614449    0.0005
180    22.2178217822    7.94171038445    0.0005
181    22.2079207921    7.94219050312    0.0005
182    22.198019802    7.94274030049    0.0005
183    22.1881188119    7.94336398452    0.0005
184    22.1782178218    7.94406624476    0.0005
185    22.1683168317    7.94485234469    0.0005
186    22.1584158416    7.94572823896    0.0005
187    22.1485148515    7.94670072411    0.0005
188    22.1386138614    7.94777763552    0.0005
189    22.1287128713    7.94896810894    0.0005
190    22.1188118812    7.95028293467    0.0005
191    22.1089108911    7.95173504801    0.0005
192    22.099009901    7.95334022599    0.0005
193    22.0891089109    7.95511810762    0.0005
194    22.0792079208    7.95709374269    0.0005
195    22.0693069307    7.95930004817    0.0005
196    22.0594059406    7.96178192147    0.0005
197    22.0495049505    7.96460362379    0.0005
198    22.0396039604    7.96786331411    0.0005
199    22.0297029703    7.97172561852    0.0005
200    22.0198019802    7.97651066309    0.0005
201    22.0099009901    7.98304343809    0.0005
202    22    8    0.0005
1    22    8    0.001
2    22.0099009901    8.01695656191    0.001
3    22.0198019802    8.02348933691    0.001
4    22.0297029703    8.02827438148    0.001
5    22.0396039604    8.03213668589    0.001
6    22.0495049505    8.03539637621    0.001
7    22.0594059406    8.03821807853    0.001
8    22.0693069307    8.04069995183    0.001
9    22.0792079208    8.04290625731    0.001
10    22.0891089109    8.04488189238    0.001
11    22.099009901    8.04665977401    0.001
12    22.1089108911    8.04826495199    0.001
13    22.1188118812    8.04971706533    0.001
14    22.1287128713    8.05103189106    0.001
15    22.1386138614    8.05222236448    0.001
16    22.1485148515    8.05329927589    0.001
17    22.1584158416    8.05427176104    0.001
18    22.1683168317    8.05514765531    0.001
19    22.1782178218    8.05593375524    0.001
20    22.1881188119    8.05663601548    0.001
21    22.198019802    8.05725969951    0.001
22    22.2079207921    8.05780949688    0.001
23    22.2178217822    8.05828961555    0.001
24    22.2277227723    8.05870385551    0.001
25    22.2376237624    8.05905566819    0.001
26    22.2475247525    8.05934820472    0.001
27    22.2574257426    8.05958435572    0.001
28    22.2673267327    8.05976678415    0.001
29    22.2772277228    8.05989795277    0.001
30    22.2871287129    8.05998014723    0.001
31    22.297029703    8.0600154956    0.001
32    22.3069306931    8.06000598499    0.001
33    22.3168316832    8.05995347573    0.001
34    22.3267326733    8.0598597137    0.001
35    22.3366336634    8.05972634079    0.001
36    22.3465346535    8.05955490422    0.001
37    22.3564356436    8.05934686443    0.001
38    22.3663366337    8.05910360221    0.001
39    22.3762376238    8.05882642478    0.001
40    22.3861386139    8.05851657131    0.001
41    22.396039604    8.05817521768    0.001
42    22.4059405941    8.0578034808    0.001
43    22.4158415842    8.05740242241    0.001
44    22.4257425743    8.0569730525    0.001
45    22.4356435644    8.05651633234    0.001
46    22.4455445545    8.05603317724    0.001
47    22.4554455446    8.05552445902    0.001
48    22.4653465347    8.05499100822    0.001
49    22.4752475248    8.05443361614    0.001
50    22.4851485149    8.05385303666    0.001
51    22.495049505    8.0532499879    0.001
52    22.504950495    8.05262515374    0.001
53    22.5148514851    8.05197918518    0.001
54    22.5247524752    8.05131270163    0.001
55    22.5346534653    8.05062629204    0.001
56    22.5445544554    8.04992051597    0.001
57    22.5544554455    8.04919590456    0.001
58    22.5643564356    8.04845296141    0.001
59    22.5742574257    8.04769216346    0.001
60    22.5841584158    8.04691396166    0.001
61    22.5940594059    8.04611878175    0.001
62    22.603960396    8.04530702488    0.001
63    22.6138613861    8.04447906821    0.001
64    22.6237623762    8.04363526547    0.001
65    22.6336633663    8.04277594751    0.001
66    22.6435643564    8.04190142271    0.001
67    22.6534653465    8.04101197751    0.001
68    22.6633663366    8.04010787679    0.001
69    22.6732673267    8.03918936425    0.001
70    22.6831683168    8.03825666281    0.001
71    22.6930693069    8.0373099749    0.001
72    22.702970297    8.03634948286    0.001
73    22.7128712871    8.03537534914    0.001
74    22.7227722772    8.03438771667    0.001
75    22.7326732673    8.03338670905    0.001
76    22.7425742574    8.03237243088    0.001
77    22.7524752475    8.03134496789    0.001
78    22.7623762376    8.03030438725    0.001
79    22.7722772277    8.02925073773    0.001
80    22.7821782178    8.0281840499    0.001
81    22.7920792079    8.02710433632    0.001
82    22.801980198    8.02601159172    0.001
83    22.8118811881    8.02490579314    0.001
84    22.8217821782    8.02378690011    0.001
85    22.8316831683    8.02265485478    0.001
86    22.8415841584    8.02150958205    0.001
87    22.8514851485    8.02035098975    0.001
88    22.8613861386    8.01917896868    0.001
89    22.8712871287    8.01799339281    0.001
90    22.8811881188    8.01679411936    0.001
91    22.8910891089    8.01558098888    0.001
92    22.900990099    8.01435382539    0.001
93    22.9108910891    8.01311243646    0.001
94    22.9207920792    8.0118566133    0.001
95    22.9306930693    8.01058613085    0.001
96    22.9405940594    8.00930074785    0.001
97    22.9504950495    8.00800020696    0.001
98    22.9603960396    8.00668423477    0.001
99    22.9702970297    8.00535254193    0.001
100    22.9801980198    8.00400482318    0.001
101    22.9900990099    8.00264075744    0.001
102    22.9900990099    7.99735924256    0.001
103    22.9801980198    7.99599517682    0.001
104    22.9702970297    7.99464745807    0.001
105    22.9603960396    7.99331576523    0.001
106    22.9504950495    7.99199979304    0.001
107    22.9405940594    7.99069925215    0.001
108    22.9306930693    7.98941386915    0.001
109    22.9207920792    7.9881433867    0.001
110    22.9108910891    7.98688756354    0.001
111    22.900990099    7.98564617461    0.001
112    22.8910891089    7.98441901112    0.001
113    22.8811881188    7.98320588064    0.001
114    22.8712871287    7.98200660719    0.001
115    22.8613861386    7.98082103132    0.001
116    22.8514851485    7.97964901025    0.001
117    22.8415841584    7.97849041795    0.001
118    22.8316831683    7.97734514522    0.001
119    22.8217821782    7.97621309989    0.001
120    22.8118811881    7.97509420686    0.001
121    22.801980198    7.97398840828    0.001
122    22.7920792079    7.97289566368    0.001
123    22.7821782178    7.9718159501    0.001
124    22.7722772277    7.97074926227    0.001
125    22.7623762376    7.96969561275    0.001
126    22.7524752475    7.96865503211    0.001
127    22.7425742574    7.96762756912    0.001
128    22.7326732673    7.96661329095    0.001
129    22.7227722772    7.96561228333    0.001
130    22.7128712871    7.96462465086    0.001
131    22.702970297    7.96365051714    0.001
132    22.6930693069    7.9626900251    0.001
133    22.6831683168    7.96174333719    0.001
134    22.6732673267    7.96081063575    0.001
135    22.6633663366    7.95989212321    0.001
136    22.6534653465    7.95898802249    0.001
137    22.6435643564    7.95809857729    0.001
138    22.6336633663    7.95722405249    0.001
139    22.6237623762    7.95636473453    0.001
140    22.6138613861    7.95552093179    0.001
141    22.603960396    7.95469297512    0.001
142    22.5940594059    7.95388121825    0.001
143    22.5841584158    7.95308603834    0.001
144    22.5742574257    7.95230783654    0.001
145    22.5643564356    7.95154703859    0.001
146    22.5544554455    7.95080409544    0.001
147    22.5445544554    7.95007948403    0.001
148    22.5346534653    7.94937370796    0.001
149    22.5247524752    7.94868729837    0.001
150    22.5148514851    7.94802081482    0.001
151    22.504950495    7.94737484626    0.001
152    22.495049505    7.9467500121    0.001
153    22.4851485149    7.94614696334    0.001
154    22.4752475248    7.94556638386    0.001
155    22.4653465347    7.94500899178    0.001
156    22.4554455446    7.94447554098    0.001
157    22.4455445545    7.94396682276    0.001
158    22.4356435644    7.94348366766    0.001
159    22.4257425743    7.9430269475    0.001
160    22.4158415842    7.94259757759    0.001
161    22.4059405941    7.9421965192    0.001
162    22.396039604    7.94182478232    0.001
163    22.3861386139    7.94148342869    0.001
164    22.3762376238    7.94117357522    0.001
165    22.3663366337    7.94089639779    0.001
166    22.3564356436    7.94065313557    0.001
167    22.3465346535    7.94044509578    0.001
168    22.3366336634    7.94027365921    0.001
169    22.3267326733    7.9401402863    0.001
170    22.3168316832    7.94004652427    0.001
171    22.3069306931    7.93999401501    0.001
172    22.297029703    7.9399845044    0.001
173    22.2871287129    7.94001985277    0.001
174    22.2772277228    7.94010204723    0.001
175    22.2673267327    7.94023321585    0.001
176    22.2574257426    7.94041564428    0.001
177    22.2475247525    7.94065179528    0.001
178    22.2376237624    7.94094433181    0.001
179    22.2277227723    7.94129614449    0.001
180    22.2178217822    7.94171038445    0.001
181    22.2079207921    7.94219050312    0.001
182    22.198019802    7.94274030049    0.001
183    22.1881188119    7.94336398452    0.001
184    22.1782178218    7.94406624476    0.001
185    22.1683168317    7.94485234469    0.001
186    22.1584158416    7.94572823896    0.001
187    22.1485148515    7.94670072411    0.001
188    22.1386138614    7.94777763552    0.001
189    22.1287128713    7.94896810894    0.001
190    22.1188118812    7.95028293467    0.001
191    22.1089108911    7.95173504801    0.001
192    22.099009901    7.95334022599    0.001
193    22.0891089109    7.95511810762    0.001
194    22.0792079208    7.95709374269    0.001
195    22.0693069307    7.95930004817    0.001
196    22.0594059406    7.96178192147    0.001
197    22.0495049505    7.96460362379    0.001
198    22.0396039604    7.96786331411    0.001
199    22.0297029703    7.97172561852    0.001
200    22.0198019802    7.97651066309    0.001
201    22.0099009901    7.98304343809    0.001
202    22    8    0.001

1    1    2    203
2    2    204    203
3    203    204    405
4    204    406    405
5    2    3    204
6    3    205    204
7    204    205    406
8    205    407    406
9    3    4    205
10    4    206    205
11    205    206    407
12    206    408    407
13    4    5    206
14    5    207    206
15    206    207    408
16    207    409    408
17    5    6    207
18    6    208    207
19    207    208    409
20    208    410    409
21    6    7    208
22    7    209    208
23    208    209    410
24    209    411    410
25    7    8    209
26    8    210    209
27    209    210    411
28    210    412    411
29    8    9    210
30    9    211    210
31    210    211    412
32    211    413    412
33    9    10    211
34    10    212    211
35    211    212    413
36    212    414    413
37    10    11    212
38    11    213    212
39    212    213    414
40    213    415    414
41    11    12    213
42    12    214    213
43    213    214    415
44    214    416    415
45    12    13    214
46    13    215    214
47    214    215    416
48    215    417    416
49    13    14    215
50    14    216    215
51    215    216    417
52    216    418    417
53    14    15    216
54    15    217    216
55    216    217    418
56    217    419    418
57    15    16    217
58    16    218    217
59    217    218    419
60    218    420    419
61    16    17    218
62    17    219    218
63    218    219    420
64    219    421    420
65    17    18    219
66    18    220    219
67    219    220    421
68    220    422    421
69    18    19    220
70    19    221    220
71    220    221    422
72    221    423    422
73    19    20    221
74    20    222    221
75    221    222    423
76    222    424    423
77    20    21    222
78    21    223    222
79    222    223    424
80    223    425    424
81    21    22    223
82    22    224    223
83    223    224    425
84    224    426    425
85    22    23    224
86    23    225    224
87    224    225    426
88    225    427    426
89    23    24    225
90    24    226    225
91    225    226    427
92    226    428    427
93    24    25    226
94    25    227    226
95    226    227    428
96    227    429    428
97    25    26    227
98    26    228    227
99    227    228    429
100    228    430    429
101    26    27    228
102    27    229    228
103    228    229    430
104    229    431    430
105    27    28    229
106    28    230    229
107    229    230    431
108    230    432    431
109    28    29    230
110    29    231    230
111    230    231    432
112    231    433    432
113    29    30    231
114    30    232    231
115    231    232    433
116    232    434    433
117    30    31    232
118    31    233    232
119    232    233    434
120    233    435    434
121    31    32    233
122    32    234    233
123    233    234    435
124    234    436    435
125    32    33    234
126    33    235    234
127    234    235    436
128    235    437    436
129    33    34    235
130    34    236    235
131    235    236    437
132    236    438    437
133    34    35    236
134    35    237    236
135    236    237    438
136    237    439    438
137    35    36    237
138    36    238    237
139    237    238    439
140    238    440    439
141    36    37    238
142    37    239    238
143    238    239    440
144    239    441    440
145    37    38    239
146    38    240    239
147    239    240    441
148    240    442    441
149    38    39    240
150    39    241    240
151    240    241    442
152    241    443    442
153    39    40    241
154    40    242    241
155    241    242    443
156    242    444    443
157    40    41    242
158    41    243    242
159    242    243    444
160    243    445    444
161    41    42    243
162    42    244    243
163    243    244    445
164    244    446    445
165    42    43    244
166    43    245    244
167    244    245    446
168    245    447    446
169    43    44    245
170    44    246    245
171    245    246    447
172    246    448    447
173    44    45    246
174    45    247    246
175    246    247    448
176    247    449    448
177    45    46    247
178    46    248    247
179    247    248    449
180    248    450    449
181    46    47    248
182    47    249    248
183    248    249    450
184    249    451    450
185    47    48    249
186    48    250    249
187    249    250    451
188    250    452    451
189    48    49    250
190    49    251    250
191    250    251    452
192    251    453    452
193    49    50    251
194    50    252    251
195    251    252    453
196    252    454    453
197    50    51    252
198    51    253    252
199    252    253    454
200    253    455    454
201    51    52    253
202    52    254    253
203    253    254    455
204    254    456    455
205    52    53    254
206    53    255    254
207    254    255    456
208    255    457    456
209    53    54    255
210    54    256    255
211    255    256    457
212    256    458    457
213    54    55    256
214    55    257    256
215    256    257    458
216    257    459    458
217    55    56    257
218    56    258    257
219    257    258    459
220    258    460    459
221    56    57    258
222    57    259    258
223    258    259    460
224    259    461    460
225    57    58    259
226    58    260    259
227    259    260    461
228    260    462    461
229    58    59    260
230    59    261    260
231    260    261    462
232    261    463    462
233    59    60    261
234    60    262    261
235    261    262    463
236    262    464    463
237    60    61    262
238    61    263    262
239    262    263    464
240    263    465    464
241    61    62    263
242    62    264    263
243    263    264    465
244    264    466    465
245    62    63    264
246    63    265    264
247    264    265    466
248    265    467    466
249    63    64    265
250    64    266    265
251    265    266    467
252    266    468    467
253    64    65    266
254    65    267    266
255    266    267    468
256    267    469    468
257    65    66    267
258    66    268    267
259    267    268    469
260    268    470    469
261    66    67    268
262    67    269    268
263    268    269    470
264    269    471    470
265    67    68    269
266    68    270    269
267    269    270    471
268    270    472    471
269    68    69    270
270    69    271    270
271    270    271    472
272    271    473    472
273    69    70    271
274    70    272    271
275    271    272    473
276    272    474    473
277    70    71    272
278    71    273    272
279    272    273    474
280    273    475    474
281    71    72    273
282    72    274    273
283    273    274    475
284    274    476    475
285    72    73    274
286    73    275    274
287    274    275    476
288    275    477    476
289    73    74    275
290    74    276    275
291    275    276    477
292    276    478    477
293    74    75    276
294    75    277    276
295    276    277    478
296    277    479    478
297    75    76    277
298    76    278    277
299    277    278    479
300    278    480    479
301    76    77    278
302    77    279    278
303    278    279    480
304    279    481    480
305    77    78    279
306    78    280    279
307    279    280    481
308    280    482    481
309    78    79    280
310    79    281    280
311    280    281    482
312    281    483    482
313    79    80    281
314    80    282    281
315    281    282    483
316    282    484    483
317    80    81    282
318    81    283    282
319    282    283    484
320    283    485    484
321    81    82    283
322    82    284    283
323    283    284    485
324    284    486    485
325    82    83    284
326    83    285    284
327    284    285    486
328    285    487    486
329    83    84    285
330    84    286    285
331    285    286    487
332    286    488    487
333    84    85    286
334    85    287    286
335    286    287    488
336    287    489    488
337    85    86    287
338    86    288    287
339    287    288    489
340    288    490    489
341    86    87    288
342    87    289    288
343    288    289    490
344    289    491    490
345    87    88    289
346    88    290    289
347    289    290    491
348    290    492    491
349    88    89    290
350    89    291    290
351    290    291    492
352    291    493    492
353    89    90    291
354    90    292    291
355    291    292    493
356    292    494    493
357    90    91    292
358    91    293    292
359    292    293    494
360    293    495    494
361    91    92    293
362    92    294    293
363    293    294    495
364    294    496    495
365    92    93    294
366    93    295    294
367    294    295    496
368    295    497    496
369    93    94    295
370    94    296    295
371    295    296    497
372    296    498    497
373    94    95    296
374    95    297    296
375    296    297    498
376    297    499    498
377    95    96    297
378    96    298    297
379    297    298    499
380    298    500    499
381    96    97    298
382    97    299    298
383    298    299    500
384    299    501    500
385    97    98    299
386    98    300    299
387    299    300    501
388    300    502    501
389    98    99    300
390    99    301    300
391    300    301    502
392    301    503    502
393    99    100    301
394    100    302    301
395    301    302    503
396    302    504    503
397    100    101    302
398    101    303    302
399    302    303    504
400    303    505    504
401    101    102    303
402    102    304    303
403    303    304    505
404    304    506    505
405    102    103    304
406    103    305    304
407    304    305    506
408    305    507    506
409    103    104    305
410    104    306    305
411    305    306    507
412    306    508    507
413    104    105    306
414    105    307    306
415    306    307    508
416    307    509    508
417    105    106    307
418    106    308    307
419    307    308    509
420    308    510    509
421    106    107    308
422    107    309    308
423    308    309    510
424    309    511    510
425    107    108    309
426    108    310    309
427    309    310    511
428    310    512    511
429    108    109    310
430    109    311    310
431    310    311    512
432    311    513    512
433    109    110    311
434    110    312    311
435    311    312    513
436    312    514    513
437    110    111    312
438    111    313    312
439    312    313    514
440    313    515    514
441    111    112    313
442    112    314    313
443    313    314    515
444    314    516    515
445    112    113    314
446    113    315    314
447    314    315    516
448    315    517    516
449    113    114    315
450    114    316    315
451    315    316    517
452    316    518    517
453    114    115    316
454    115    317    316
455    316    317    518
456    317    519    518
457    115    116    317
458    116    318    317
459    317    318    519
460    318    520    519
461    116    117    318
462    117    319    318
463    318    319    520
464    319    521    520
465    117    118    319
466    118    320    319
467    319    320    521
468    320    522    521
469    118    119    320
470    119    321    320
471    320    321    522
472    321    523    522
473    119    120    321
474    120    322    321
475    321    322    523
476    322    524    523
477    120    121    322
478    121    323    322
479    322    323    524
480    323    525    524
481    121    122    323
482    122    324    323
483    323    324    525
484    324    526    525
485    122    123    324
486    123    325    324
487    324    325    526
488    325    527    526
489    123    124    325
490    124    326    325
491    325    326    527
492    326    528    527
493    124    125    326
494    125    327    326
495    326    327    528
496    327    529    528
497    125    126    327
498    126    328    327
499    327    328    529
500    328    530    529
501    126    127    328
502    127    329    328
503    328    329    530
504    329    531    530
505    127    128    329
506    128    330    329
507    329    330    531
508    330    532    531
509    128    129    330
510    129    331    330
511    330    331    532
512    331    533    532
513    129    130    331
514    130    332    331
515    331    332    533
516    332    534    533
517    130    131    332
518    131    333    332
519    332    333    534
520    333    535    534
521    131    132    333
522    132    334    333
523    333    334    535
524    334    536    535
525    132    133    334
526    133    335    334
527    334    335    536
528    335    537    536
529    133    134    335
530    134    336    335
531    335    336    537
532    336    538    537
533    134    135    336
534    135    337    336
535    336    337    538
536    337    539    538
537    135    136    337
538    136    338    337
539    337    338    539
540    338    540    539
541    136    137    338
542    137    339    338
543    338    339    540
544    339    541    540
545    137    138    339
546    138    340    339
547    339    340    541
548    340    542    541
549    138    139    340
550    139    341    340
551    340    341    542
552    341    543    542
553    139    140    341
554    140    342    341
555    341    342    543
556    342    544    543
557    140    141    342
558    141    343    342
559    342    343    544
560    343    545    544
561    141    142    343
562    142    344    343
563    343    344    545
564    344    546    545
565    142    143    344
566    143    345    344
567    344    345    546
568    345    547    546
569    143    144    345
570    144    346    345
571    345    346    547
572    346    548    547
573    144    145    346
574    145    347    346
575    346    347    548
576    347    549    548
577    145    146    347
578    146    348    347
579    347    348    549
580    348    550    549
581    146    147    348
582    147    349    348
583    348    349    550
584    349    551    550
585    147    148    349
586    148    350    349
587    349    350    551
588    350    552    551
589    148    149    350
590    149    351    350
591    350    351    552
592    351    553    552
593    149    150    351
594    150    352    351
595    351    352    553
596    352    554    553
597    150    151    352
598    151    353    352
599    352    353    554
600    353    555    554
601    151    152    353
602    152    354    353
603    353    354    555
604    354    556    555
605    152    153    354
606    153    355    354
607    354    355    556
608    355    557    556
609    153    154    355
610    154    356    355
611    355    356    557
612    356    558    557
613    154    155    356
614    155    357    356
615    356    357    558
616    357    559    558
617    155    156    357
618    156    358    357
619    357    358    559
620    358    560    559
621    156    157    358
622    157    359    358
623    358    359    560
624    359    561    560
625    157    158    359
626    158    360    359
627    359    360    561
628    360    562    561
629    158    159    360
630    159    361    360
631    360    361    562
632    361    563    562
633    159    160    361
634    160    362    361
635    361    362    563
636    362    564    563
637    160    161    362
638    161    363    362
639    362    363    564
640    363    565    564
641    161    162    363
642    162    364    363
643    363    364    565
644    364    566    565
645    162    163    364
646    163    365    364
647    364    365    566
648    365    567    566
649    163    164    365
650    164    366    365
651    365    366    567
652    366    568    567
653    164    165    366
654    165    367    366
655    366    367    568
656    367    569    568
657    165    166    367
658    166    368    367
659    367    368    569
660    368    570    569
661    166    167    368
662    167    369    368
663    368    369    570
664    369    571    570
665    167    168    369
666    168    370    369
667    369    370    571
668    370    572    571
669    168    169    370
670    169    371    370
671    370    371    572
672    371    573    572
673    169    170    371
674    170    372    371
675    371    372    573
676    372    574    573
677    170    171    372
678    171    373    372
679    372    373    574
680    373    575    574
681    171    172    373
682    172    374    373
683    373    374    575
684    374    576    575
685    172    173    374
686    173    375    374
687    374    375    576
688    375    577    576
689    173    174    375
690    174    376    375
691    375    376    577
692    376    578    577
693    174    175    376
694    175    377    376
695    376    377    578
696    377    579    578
697    175    176    377
698    176    378    377
699    377    378    579
700    378    580    579
701    176    177    378
702    177    379    378
703    378    379    580
704    379    581    580
705    177    178    379
706    178    380    379
707    379    380    581
708    380    582    581
709    178    179    380
710    179    381    380
711    380    381    582
712    381    583    582
713    179    180    381
714    180    382    381
715    381    382    583
716    382    584    583
717    180    181    382
718    181    383    382
719    382    383    584
720    383    585    584
721    181    182    383
722    182    384    383
723    383    384    585
724    384    586    585
725    182    183    384
726    183    385    384
727    384    385    586
728    385    587    586
729    183    184    385
730    184    386    385
731    385    386    587
732    386    588    587
733    184    185    386
734    185    387    386
735    386    387    588
736    387    589    588
737    185    186    387
738    186    388    387
739    387    388    589
740    388    590    589
741    186    187    388
742    187    389    388
743    388    389    590
744    389    591    590
745    187    188    389
746    188    390    389
747    389    390    591
748    390    592    591
749    188    189    390
750    189    391    390
751    390    391    592
752    391    593    592
753    189    190    391
754    190    392    391
755    391    392    593
756    392    594    593
757    190    191    392
758    191    393    392
759    392    393    594
760    393    595    594
761    191    192    393
762    192    394    393
763    393    394    595
764    394    596    595
765    192    193    394
766    193    395    394
767    394    395    596
768    395    597    596
769    193    194    395
770    194    396    395
771    395    396    597
772    396    598    597
773    194    195    396
774    195    397    396
775    396    397    598
776    397    599    598
777    195    196    397
778    196    398    397
779    397    398    599
780    398    600    599
781    196    197    398
782    197    399    398
783    398    399    600
784    399    601    600
785    197    198    399
786    198    400    399
787    399    400    601
788    400    602    601
789    198    199    400
790    199    401    400
791    400    401    602
792    401    603    602
793    199    200    401
794    200    402    401
795    401    402    603
796    402    604    603
797    200    201    402
798    201    403    402
799    402    403    604
800    403    605    604
801    201    202    403
802    202    404    403
803    403    404    605
804    404    606    605

-10 -10 -10
